rank  zone    cells      area_conv   local ΔT    city ΔT       efficiency
                         (hectare)       (°C)       (°C)       (°C·m²/m²)
------------------------------------------------------------------------------
1     C4        204        1,009.8     -0.966    -0.0881        6.313e+00
2     B4        210        1,016.1     -0.940    -0.0844        6.014e+00
3     D4        216        1,037.2     -0.854    -0.0819        5.715e+00
4     D3        202          960.9     -0.843    -0.0744        5.606e+00
5     B3        183          759.2     -0.658    -0.0544        5.185e+00
6     D2        170          654.1     -0.622    -0.0462        5.117e+00
7     C5        145          608.8     -0.632    -0.0420        4.990e+00
8     E3        163          689.8     -0.676    -0.0469        4.922e+00
9     B5        140          626.1     -0.715    -0.0421        4.865e+00
10    E2        114          474.2     -0.624    -0.0318        4.859e+00
11    A3        128          604.0     -0.709    -0.0363        4.351e+00
12    B2        152          346.1     -0.350    -0.0205        4.296e+00
13    A2         21           97.4     -0.424    -0.0058        4.292e+00
14    C3        151          685.0     -0.574    -0.0404        4.273e+00
15    D1         67          303.0     -0.584    -0.0178        4.252e+00
16    E4         71          244.4     -0.371    -0.0141        4.191e+00
17    D5        119          468.7     -0.436    -0.0266        4.107e+00
18    E1         82          277.0     -0.474    -0.0151        3.946e+00
19    E5         83          258.6     -0.359    -0.0134        3.748e+00
20    A4          9           40.5     -0.229    -0.0016        2.867e+00
21    D6         18           40.6     -0.151    -0.0014        2.556e+00
22    B6         23           87.4     -0.266    -0.0030        2.522e+00
23    E6         23           48.3     -0.139    -0.0017        2.506e+00
24    C6        121          353.9     -0.148    -0.0071        1.455e+00
25    C2         49          152.0     -0.101    -0.0029        1.367e+00
26    B1         11           20.0     -0.014    -0.0001        2.079e-01
27    C1         17           42.0     -0.007    -0.0001        1.320e-01
